n=1000000000, gather
integral= 0.33333333616896643
time= 17.27845788002014
