n=1000000000, scatter-reduce
integral= 0.33333333616896643
time= 17.15886116027832
