n=1000000000, broadcast-gather
integral= 0.33333333616896643
time= 17.01404857635498
