n=1000000000, scatter
integral= 0.3333333333332974
time= 253.26442623138428
