n=1000000000, broadcast
integral= 0.3333333333332974
time= 409.3654246330261
