n=1000000000, reduce
integral= 0.33333333616896643
time= 17.57043957710266
