n=1000000000, broadcast-reduce
integral= 0.33333333616896643
time= 17.73266100883484
